   0.000000000000000   0.000000000000000   0.000000000000000
   0.172673164646011   0.000000000000000   0.000000000000000
   0.500000000000000   0.000000000000000   0.000000000000000
   0.827326835353989   0.000000000000000   0.000000000000000
   1.000000000000000   0.000000000000000   0.000000000000000
   0.000000000000000   0.172673164646011   0.000000000000000
   0.224208213954503   0.224208213954503   0.000000000000000
   0.551583572090994   0.224208213954503   0.000000000000000
   0.827326835353989   0.172673164646011   0.000000000000000
   0.000000000000000   0.500000000000000   0.000000000000000
   0.224208213954503   0.551583572090994   0.000000000000000
   0.500000000000000   0.500000000000000   0.000000000000000
   0.000000000000000   0.827326835353989   0.000000000000000
   0.172673164646011   0.827326835353989   0.000000000000000
   0.000000000000000   1.000000000000000   0.000000000000000
   0.000000000000000   0.000000000000000   0.172673164646011
   0.224208213954503   0.000000000000000   0.224208213954503
   0.551583572090994   0.000000000000000   0.224208213954503
   0.827326835353989   0.000000000000000   0.172673164646011
   0.000000000000000   0.224208213954503   0.224208213954503
   0.250000000000000   0.250000000000000   0.250000000000000
   0.551583572090994   0.224208213954503   0.224208213954503
   0.000000000000000   0.551583572090994   0.224208213954503
   0.224208213954503   0.551583572090994   0.224208213954503
   0.000000000000000   0.827326835353989   0.172673164646011
   0.000000000000000   0.000000000000000   0.500000000000000
   0.224208213954503   0.000000000000000   0.551583572090994
   0.500000000000000   0.000000000000000   0.500000000000000
   0.000000000000000   0.224208213954503   0.551583572090994
   0.224208213954503   0.224208213954503   0.551583572090994
   0.000000000000000   0.500000000000000   0.500000000000000
  -0.000000000000000   0.000000000000000   0.827326835353988
   0.172673164646011   0.000000000000000   0.827326835353988
   0.000000000000000   0.172673164646011   0.827326835353989
   0.000000000000000   0.000000000000000   1.000000000000000
