   0.000000000000000   0.000000000000000   0.000000000000000
   0.117472338035268   0.000000000000000   0.000000000000000
   0.357384241759677   0.000000000000000   0.000000000000000
   0.642615758240323   0.000000000000000   0.000000000000000
   0.882527661964732   0.000000000000000   0.000000000000000
   1.000000000000000   0.000000000000000   0.000000000000000
  -0.000000000000000   0.117472338035268   0.000000000000000
   0.155728267675030   0.155728267675030   0.000000000000000
   0.417123903159896   0.165752193680209   0.000000000000000
   0.688543464649939   0.155728267675030   0.000000000000000
   0.882527661964732   0.117472338035268   0.000000000000000
   0.000000000000000   0.357384241759677   0.000000000000000
   0.165752193680209   0.417123903159896   0.000000000000000
   0.417123903159896   0.417123903159896   0.000000000000000
   0.642615758240323   0.357384241759677   0.000000000000000
   0.000000000000000   0.642615758240322   0.000000000000000
   0.155728267675030   0.688543464649939   0.000000000000000
   0.357384241759677   0.642615758240322   0.000000000000000
   0.000000000000000   0.882527661964732   0.000000000000000
   0.117472338035268   0.882527661964732   0.000000000000000
   0.000000000000000   1.000000000000000   0.000000000000000
   0.000000000000000   0.000000000000000   0.117472338035268
   0.155728267675030   0.000000000000000   0.155728267675030
   0.417123903159896   0.000000000000000   0.165752193680209
   0.688543464649939   0.000000000000000   0.155728267675030
   0.882527661964732   0.000000000000000   0.117472338035268
  -0.000000000000000   0.155728267675030   0.155728267675030
   0.188834092390309   0.188834092390309   0.188834092390309
   0.433497722829073   0.188834092390309   0.188834092390309
   0.688543464649940   0.155728267675030   0.155728267675030
  -0.000000000000000   0.417123903159896   0.165752193680209
   0.188834092390309   0.433497722829073   0.188834092390309
   0.417123903159896   0.417123903159896   0.165752193680209
   0.000000000000000   0.688543464649939   0.155728267675030
   0.155728267675030   0.688543464649939   0.155728267675030
   0.000000000000000   0.882527661964732   0.117472338035268
  -0.000000000000000   0.000000000000000   0.357384241759677
   0.165752193680209   0.000000000000000   0.417123903159896
   0.417123903159896   0.000000000000000   0.417123903159896
   0.642615758240323   0.000000000000000   0.357384241759677
   0.000000000000000   0.165752193680209   0.417123903159896
   0.188834092390309   0.188834092390309   0.433497722829073
   0.417123903159896   0.165752193680209   0.417123903159896
   0.000000000000000   0.417123903159896   0.417123903159896
   0.165752193680209   0.417123903159896   0.417123903159896
   0.000000000000000   0.642615758240323   0.357384241759677
   0.000000000000000   0.000000000000000   0.642615758240323
   0.155728267675030   0.000000000000000   0.688543464649940
   0.357384241759677   0.000000000000000   0.642615758240323
   0.000000000000000   0.155728267675030   0.688543464649940
   0.155728267675030   0.155728267675030   0.688543464649940
   0.000000000000000   0.357384241759677   0.642615758240322
   0.000000000000000   0.000000000000000   0.882527661964732
   0.117472338035268   0.000000000000000   0.882527661964732
   0.000000000000000   0.117472338035268   0.882527661964732
   0.000000000000000   0.000000000000000   1.000000000000000
