   0.000000000000000   0.000000000000000   0.000000000000000
   0.084888051860716   0.000000000000000   0.000000000000000
   0.265575603264643   0.000000000000000   0.000000000000000
   0.500000000000000   0.000000000000000   0.000000000000000
   0.734424396735357   0.000000000000000   0.000000000000000
   0.915111948139283   0.000000000000000   0.000000000000000
   1.000000000000000   0.000000000000000   0.000000000000000
   0.000000000000000   0.084888051860716   0.000000000000000
   0.113188538898858   0.113188538898858   0.000000000000000
   0.319716439082216   0.120634457015483   0.000000000000000
   0.559649103902302   0.120634457015483   0.000000000000000
   0.773622922202284   0.113188538898858   0.000000000000000
   0.915111948139284   0.084888051860716   0.000000000000000
  -0.000000000000000   0.265575603264643   0.000000000000000
   0.120634457015483   0.319716439082216   0.000000000000000
   0.333333333333333   0.333333333333333   0.000000000000000
   0.559649103902302   0.319716439082216   0.000000000000000
   0.734424396735357   0.265575603264643   0.000000000000000
   0.000000000000000   0.500000000000000   0.000000000000000
   0.120634457015483   0.559649103902302   0.000000000000000
   0.319716439082216   0.559649103902302   0.000000000000000
   0.500000000000000   0.500000000000000   0.000000000000000
   0.000000000000000   0.734424396735357   0.000000000000000
   0.113188538898858   0.773622922202284   0.000000000000000
   0.265575603264643   0.734424396735357   0.000000000000000
   0.000000000000000   0.915111948139283   0.000000000000000
   0.084888051860717   0.915111948139283   0.000000000000000
   0.000000000000000   1.000000000000000   0.000000000000000
  -0.000000000000000   0.000000000000000   0.084888051860717
   0.113188538898858   0.000000000000000   0.113188538898858
   0.319716439082216   0.000000000000000   0.120634457015483
   0.559649103902302   0.000000000000000   0.120634457015483
   0.773622922202284   0.000000000000000   0.113188538898858
   0.915111948139283   0.000000000000000   0.084888051860717
  -0.000000000000000   0.113188538898858   0.113188538898858
   0.144598596516112   0.144598596516112   0.144598596516112
   0.347086254780990   0.152913745219009   0.152913745219009
   0.566204210451665   0.144598596516112   0.144598596516112
   0.773622922202284   0.113188538898858   0.113188538898858
   0.000000000000000   0.319716439082216   0.120634457015483
   0.152913745219009   0.347086254780991   0.152913745219009
   0.347086254780991   0.347086254780991   0.152913745219009
   0.559649103902302   0.319716439082216   0.120634457015483
   0.000000000000000   0.559649103902302   0.120634457015483
   0.144598596516112   0.566204210451665   0.144598596516112
   0.319716439082216   0.559649103902302   0.120634457015483
   0.000000000000000   0.773622922202284   0.113188538898858
   0.113188538898858   0.773622922202284   0.113188538898858
   0.000000000000000   0.915111948139284   0.084888051860716
   0.000000000000000   0.000000000000000   0.265575603264643
   0.120634457015483   0.000000000000000   0.319716439082216
   0.333333333333333   0.000000000000000   0.333333333333333
   0.559649103902302   0.000000000000000   0.319716439082216
   0.734424396735357   0.000000000000000   0.265575603264643
   0.000000000000000   0.120634457015483   0.319716439082216
   0.152913745219009   0.152913745219009   0.347086254780991
   0.347086254780991   0.152913745219009   0.347086254780991
   0.559649103902302   0.120634457015483   0.319716439082216
   0.000000000000000   0.333333333333333   0.333333333333333
   0.152913745219009   0.347086254780991   0.347086254780991
   0.333333333333333   0.333333333333333   0.333333333333333
   0.000000000000000   0.559649103902302   0.319716439082216
   0.120634457015483   0.559649103902302   0.319716439082216
   0.000000000000000   0.734424396735357   0.265575603264643
   0.000000000000000   0.000000000000000   0.500000000000000
   0.120634457015483   0.000000000000000   0.559649103902302
   0.319716439082216   0.000000000000000   0.559649103902302
   0.500000000000000   0.000000000000000   0.500000000000000
  -0.000000000000000   0.120634457015483   0.559649103902302
   0.144598596516112   0.144598596516112   0.566204210451665
   0.319716439082216   0.120634457015483   0.559649103902302
   0.000000000000000   0.319716439082216   0.559649103902302
   0.120634457015483   0.319716439082216   0.559649103902302
   0.000000000000000   0.500000000000000   0.500000000000000
   0.000000000000000   0.000000000000000   0.734424396735357
   0.113188538898858   0.000000000000000   0.773622922202284
   0.265575603264643   0.000000000000000   0.734424396735357
   0.000000000000000   0.113188538898858   0.773622922202284
   0.113188538898858   0.113188538898858   0.773622922202284
   0.000000000000000   0.265575603264643   0.734424396735357
  -0.000000000000000   0.000000000000000   0.915111948139284
   0.084888051860716   0.000000000000000   0.915111948139284
   0.000000000000000   0.084888051860717   0.915111948139283
   0.000000000000000   0.000000000000000   1.000000000000000
